,0,1,2,3,4,5,6,7,8,9,10,11,12,13,14,15,16,17,18,19,20,21,22,23,24,25,26,27,28,29,30,31,32,33,34,35,36,37,38,39,40,41,42,43,44,45,46,47,48,49,50,51,52,53,54,55,56,57,58,59,60,61,62,63,64,65,66,67,68,69,70,71,72,73,74,75,76,77,78,79,80,81,82,83,84,85,86,87,88,89,90,91,92,93,94,95,96,97,98,99,100,101,102,103,104,105,106,107,108,109,110,111,112,113,114,115,116,117,118,119,120,121,122,123,124,125,126,127,128,129,130,131,132,133,134,135,136,137,138,139,140,141,142,143,144,145,146,147,148,149,150,151,152,153,154,155,156,157,158,159,160,161,162,163,164,165,166,167,168,169,170,171,172,173,174,175,176,177,178,179,180,181,182,183,184,185,186,187,188,189,190,191,192,193,194,195,196,197,198,199,200,201,202,203,204,205,206,207,208,209,210,211,212,213,214,215,216,217,218,219,220,221,222,223,224,225,226,227,228,229,230,231,232,233,234,235,236,237,238,239,240,241,242,243,244,245,246,247,248,249,250,251,252,253,254,255,256,257,258,259,260,261,262,263,264,265,266,267,268,269,270,271,272,273,274,275,276,277,278,279,280,281,282,283,284,285,286,287,288,289,290,291,292,293,294,295,296,297,298,299,300,301,302,303,304,305,306,307,308,309,310,311,312,313,314,315,316,317,318,319,320,321,322,323,324,325,326,327,328,329,330,331,332,333,334,335,336,337,338,339,340,341,342,343,344,345,346,347,348,349,350,351,352,353,354,355,356,357,358,359,360,361,362,363,364,365,366,367,368,369,370,371,372,373,374,375,376,377,378,379,380,381,382,383,384,385,386,387,388,389,390,391,392,393,394,395,396,397,398,399,400,401,402,403,404,405,406,407,408,409,410,411,412,413,414,415,416,417,418,419,420,421,422,423,424,425,426,427,428,429,430,431,432,433,434,435,436,437,438,439,440,441,442,443,444,445,446,447,448,449,450,451,452,453,454,455,456,457,458,459,460,461,462,463,464,465,466,467,468,469,470,471,472,473,474,475,476,477,478,479,480,481,482,483,484,485,486,487,488,489,490,491,492,493,494,495,496,497,498,499,500,501,502,503,504,505,506,507,508,509,510,511,512,513,514,515,516,517,518,519,520,521,522,523,524,525,526,527,528,529,530,531,532,533,534,535,536,537,538,539,540,541,542,543,544,545,546,547,548,549,550,551,552,553,554,555,556,557,558,559,560,561,562,563,564,565,566,567,568,569,570,571,572,573,574,575,576,577,578,579,580,581,582,583,584,585,586,587,588,589,590,591,592,593,594,595,596,597,598,599,600
Time,0.0,1.0,2.0,3.0,4.0,5.0,6.0,7.0,8.0,9.0,10.0,11.0,12.0,13.0,14.0,15.0,16.0,17.0,18.0,19.0,20.0,21.0,22.0,23.0,24.0,25.0,26.0,27.0,28.0,29.0,30.0,31.0,32.0,33.0,34.0,35.0,36.0,37.0,38.0,39.0,40.0,41.0,42.0,43.0,44.0,45.0,46.0,47.0,48.0,49.0,50.0,51.0,52.0,53.0,54.0,55.0,56.0,57.0,58.0,59.0,60.0,61.0,62.0,63.0,64.0,65.0,66.0,67.0,68.0,69.0,70.0,71.0,72.0,73.0,74.0,75.0,76.0,77.0,78.0,79.0,80.0,81.0,82.0,83.0,84.0,85.0,86.0,87.0,88.0,89.0,90.0,91.0,92.0,93.0,94.0,95.0,96.0,97.0,98.0,99.0,100.0,101.0,102.0,103.0,104.0,105.0,106.0,107.0,108.0,109.0,110.0,111.0,112.0,113.0,114.0,115.0,116.0,117.0,118.0,119.0,120.0,121.0,122.0,123.0,124.0,125.0,126.0,127.0,128.0,129.0,130.0,131.0,132.0,133.0,134.0,135.0,136.0,137.0,138.0,139.0,140.0,141.0,142.0,143.0,144.0,145.0,146.0,147.0,148.0,149.0,150.0,151.0,152.0,153.0,154.0,155.0,156.0,157.0,158.0,159.0,160.0,161.0,162.0,163.0,164.0,165.0,166.0,167.0,168.0,169.0,170.0,171.0,172.0,173.0,174.0,175.0,176.0,177.0,178.0,179.0,180.0,181.0,182.0,183.0,184.0,185.0,186.0,187.0,188.0,189.0,190.0,191.0,192.0,193.0,194.0,195.0,196.0,197.0,198.0,199.0,200.0,201.0,202.0,203.0,204.0,205.0,206.0,207.0,208.0,209.0,210.0,211.0,212.0,213.0,214.0,215.0,216.0,217.0,218.0,219.0,220.0,221.0,222.0,223.0,224.0,225.0,226.0,227.0,228.0,229.0,230.0,231.0,232.0,233.0,234.0,235.0,236.0,237.0,238.0,239.0,240.0,241.0,242.0,243.0,244.0,245.0,246.0,247.0,248.0,249.0,250.0,251.0,252.0,253.0,254.0,255.0,256.0,257.0,258.0,259.0,260.0,261.0,262.0,263.0,264.0,265.0,266.0,267.0,268.0,269.0,270.0,271.0,272.0,273.0,274.0,275.0,276.0,277.0,278.0,279.0,280.0,281.0,282.0,283.0,284.0,285.0,286.0,287.0,288.0,289.0,290.0,291.0,292.0,293.0,294.0,295.0,296.0,297.0,298.0,299.0,300.0,301.0,302.0,303.0,304.0,305.0,306.0,307.0,308.0,309.0,310.0,311.0,312.0,313.0,314.0,315.0,316.0,317.0,318.0,319.0,320.0,321.0,322.0,323.0,324.0,325.0,326.0,327.0,328.0,329.0,330.0,331.0,332.0,333.0,334.0,335.0,336.0,337.0,338.0,339.0,340.0,341.0,342.0,343.0,344.0,345.0,346.0,347.0,348.0,349.0,350.0,351.0,352.0,353.0,354.0,355.0,356.0,357.0,358.0,359.0,360.0,361.0,362.0,363.0,364.0,365.0,366.0,367.0,368.0,369.0,370.0,371.0,372.0,373.0,374.0,375.0,376.0,377.0,378.0,379.0,380.0,381.0,382.0,383.0,384.0,385.0,386.0,387.0,388.0,389.0,390.0,391.0,392.0,393.0,394.0,395.0,396.0,397.0,398.0,399.0,400.0,401.0,402.0,403.0,404.0,405.0,406.0,407.0,408.0,409.0,410.0,411.0,412.0,413.0,414.0,415.0,416.0,417.0,418.0,419.0,420.0,421.0,422.0,423.0,424.0,425.0,426.0,427.0,428.0,429.0,430.0,431.0,432.0,433.0,434.0,435.0,436.0,437.0,438.0,439.0,440.0,441.0,442.0,443.0,444.0,445.0,446.0,447.0,448.0,449.0,450.0,451.0,452.0,453.0,454.0,455.0,456.0,457.0,458.0,459.0,460.0,461.0,462.0,463.0,464.0,465.0,466.0,467.0,468.0,469.0,470.0,471.0,472.0,473.0,474.0,475.0,476.0,477.0,478.0,479.0,480.0,481.0,482.0,483.0,484.0,485.0,486.0,487.0,488.0,489.0,490.0,491.0,492.0,493.0,494.0,495.0,496.0,497.0,498.0,499.0,500.0,501.0,502.0,503.0,504.0,505.0,506.0,507.0,508.0,509.0,510.0,511.0,512.0,513.0,514.0,515.0,516.0,517.0,518.0,519.0,520.0,521.0,522.0,523.0,524.0,525.0,526.0,527.0,528.0,529.0,530.0,531.0,532.0,533.0,534.0,535.0,536.0,537.0,538.0,539.0,540.0,541.0,542.0,543.0,544.0,545.0,546.0,547.0,548.0,549.0,550.0,551.0,552.0,553.0,554.0,555.0,556.0,557.0,558.0,559.0,560.0,561.0,562.0,563.0,564.0,565.0,566.0,567.0,568.0,569.0,570.0,571.0,572.0,573.0,574.0,575.0,576.0,577.0,578.0,579.0,580.0,581.0,582.0,583.0,584.0,585.0,586.0,587.0,588.0,589.0,590.0,591.0,592.0,593.0,594.0,595.0,596.0,597.0,598.0,599.0,600.0
Frac_occupied,0.005078125000000044,0.006249999999999978,0.004687499999999956,0.0107421875,0.015429687499999956,0.013281250000000022,0.0087890625,0.008203124999999978,0.013281250000000022,0.0126953125,0.0185546875,0.008984375000000044,0.018750000000000044,0.021679687500000044,0.016796875000000044,0.015820312500000044,0.016796875000000044,0.0234375,0.014062499999999978,0.021093750000000022,0.0234375,0.025000000000000022,0.018359374999999956,0.0146484375,0.013085937499999978,0.0126953125,0.01171875,0.01171875,0.013671875,0.016015624999999978,0.017968749999999978,0.0234375,0.022656250000000044,0.023046875000000022,0.022656250000000044,0.021874999999999978,0.021289062499999956,0.023632812500000044,0.024023437500000022,0.025390625,0.025000000000000022,0.027734374999999978,0.026757812499999978,0.027539062500000044,0.03359374999999998,0.03261718749999998,0.03359374999999998,0.041015625,0.03652343749999998,0.04042968749999998,0.040820312499999956,0.03945312499999998,0.044921875,0.04042968749999998,0.04531249999999998,0.0458984375,0.048828125,0.04433593749999998,0.04550781250000002,0.05234375000000002,0.05136718750000002,0.04160156250000002,0.055859375000000044,0.0546875,0.060742187500000044,0.056640625,0.061718750000000044,0.06367187500000004,0.06582031249999998,0.062304687499999956,0.06386718749999998,0.07558593749999998,0.07792968749999996,0.08125000000000004,0.07773437500000002,0.076171875,0.08085937499999996,0.09492187500000004,0.07499999999999996,0.0771484375,0.07753906249999998,0.07773437500000002,0.09199218750000004,0.11386718750000002,0.11406249999999996,0.12539062499999998,0.10371093750000004,0.11796874999999996,0.10703125000000002,0.115234375,0.1162109375,0.12734374999999998,0.1328125,0.14667968750000004,0.14765625000000004,0.1494140625,0.14804687500000002,0.14453125,0.17265624999999996,0.17890625000000004,0.16835937499999998,0.19082031249999998,0.18378906250000004,0.17109375000000004,0.19921875,0.18925781249999996,0.18574218750000004,0.18007812499999998,0.18867187500000004,0.18789062499999998,0.19277343749999998,0.1845703125,0.18359375,0.19121093749999996,0.19589843750000002,0.19863281249999998,0.18437499999999996,0.1845703125,0.20625000000000004,0.20468750000000002,0.20429687500000004,0.19062500000000004,0.21367187499999996,0.21835937500000002,0.22832031249999996,0.23750000000000004,0.23066406250000004,0.23652343750000004,0.24257812499999998,0.24628906250000004,0.24003906249999996,0.2509765625,0.23867187499999998,0.2626953125,0.2640625,0.28984374999999996,0.26777343750000004,0.26640624999999996,0.24042968750000004,0.2544921875,0.24765625000000002,0.2470703125,0.27167968750000004,0.2763671875,0.25859374999999996,0.263671875,0.2611328125,0.27031249999999996,0.26835937499999996,0.265234375,0.273046875,0.269140625,0.27363281250000004,0.26640624999999996,0.262109375,0.28203124999999996,0.276953125,0.2607421875,0.265234375,0.265234375,0.30058593749999996,0.29374999999999996,0.27734375,0.2767578125,0.27617187499999996,0.285546875,0.27070312500000004,0.2828125,0.277734375,0.27265625000000004,0.2630859375,0.26445312499999996,0.25703125000000004,0.26347656249999996,0.25957031249999996,0.27734375,0.27421874999999996,0.2685546875,0.258203125,0.26093750000000004,0.2744140625,0.26386718750000004,0.25410156250000004,0.26054687499999996,0.25761718749999996,0.2623046875,0.26328125,0.23750000000000004,0.26738281249999996,0.2671875,0.2421875,0.25312500000000004,0.25605468750000004,0.24843749999999998,0.24375000000000002,0.26640624999999996,0.24882812499999996,0.23808593749999996,0.2568359375,0.2630859375,0.266015625,0.24882812499999996,0.2513671875,0.2421875,0.2505859375,0.2603515625,0.2662109375,0.25664062499999996,0.2734375,0.26582031250000004,0.28496093749999996,0.28535156250000004,0.27519531249999996,0.2759765625,0.27226562499999996,0.26015625,0.2734375,0.267578125,0.26777343750000004,0.25566406249999996,0.2607421875,0.27519531249999996,0.2650390625,0.2669921875,0.25898437500000004,0.26835937499999996,0.2630859375,0.2734375,0.273046875,0.27128906249999996,0.2623046875,0.269140625,0.2666015625,0.24921875000000004,0.2564453125,0.273828125,0.273046875,0.25117187500000004,0.2701171875,0.2669921875,0.25625,0.26015625,0.25410156250000004,0.25996093750000004,0.26093750000000004,0.26191406250000004,0.2763671875,0.26542968749999996,0.26484375000000004,0.25234375,0.27031249999999996,0.2671875,0.25214843750000004,0.26835937499999996,0.26249999999999996,0.263671875,0.26796875,0.26679687500000004,0.2796875,0.28359375,0.28203124999999996,0.27265625000000004,0.27070312500000004,0.2828125,0.25625,0.2611328125,0.26875000000000004,0.2666015625,0.26328125,0.26582031250000004,0.2787109375,0.2953125,0.27851562500000004,0.27226562499999996,0.273828125,0.2744140625,0.27109375,0.2630859375,0.27460937500000004,0.27812499999999996,0.27265625000000004,0.2666015625,0.27656250000000004,0.26953125,0.271875,0.27910156249999996,0.26328125,0.2783203125,0.2845703125,0.29121093750000004,0.28828125000000004,0.28203124999999996,0.27753906250000004,0.291015625,0.2904296875,0.28886718749999996,0.29023437500000004,0.2685546875,0.27714843749999996,0.28105468749999996,0.275,0.2666015625,0.25800781250000004,0.26347656249999996,0.25664062499999996,0.2685546875,0.2607421875,0.2603515625,0.26093750000000004,0.26347656249999996,0.2544921875,0.255859375,0.27753906250000004,0.257421875,0.25996093750000004,0.25664062499999996,0.257421875,0.2548828125,0.2611328125,0.24941406249999998,0.26679687500000004,0.279296875,0.273828125,0.2681640625,0.24648437499999998,0.2544921875,0.25214843750000004,0.2568359375,0.267578125,0.26640624999999996,0.25371093749999996,0.261328125,0.2564453125,0.259765625,0.26328125,0.25273437499999996,0.2578125,0.24550781249999998,0.2515625,0.24941406249999998,0.2509765625,0.2525390625,0.251953125,0.24980468749999996,0.24375000000000002,0.2578125,0.25898437500000004,0.24667968750000002,0.2509765625,0.24531250000000004,0.23671874999999998,0.23124999999999996,0.24179687500000002,0.23984375000000002,0.24550781249999998,0.25546875,0.24355468749999998,0.25703125000000004,0.25859374999999996,0.25410156250000004,0.236328125,0.23613281249999996,0.25,0.248046875,0.2431640625,0.26328125,0.254296875,0.24277343750000002,0.25546875,0.26015625,0.24921875000000004,0.22968750000000004,0.23886718750000002,0.23378906249999998,0.24277343750000002,0.2373046875,0.265625,0.275,0.265625,0.25312500000000004,0.25859374999999996,0.26835937499999996,0.2529296875,0.24531250000000004,0.24257812499999998,0.25625,0.24882812499999996,0.24824218750000004,0.24648437499999998,0.2490234375,0.2591796875,0.2568359375,0.2748046875,0.2720703125,0.26875000000000004,0.2818359375,0.25117187500000004,0.26445312499999996,0.25175781249999996,0.26796875,0.2640625,0.26054687499999996,0.2607421875,0.2685546875,0.2681640625,0.26152343749999996,0.2708984375,0.2587890625,0.2640625,0.25761718749999996,0.265234375,0.25468749999999996,0.2734375,0.27324218749999996,0.27070312500000004,0.2572265625,0.25390625,0.2529296875,0.27324218749999996,0.26093750000000004,0.26054687499999996,0.2626953125,0.285546875,0.27324218749999996,0.2744140625,0.2607421875,0.2767578125,0.27558593750000004,0.258203125,0.25761718749999996,0.2529296875,0.27226562499999996,0.2798828125,0.26484375000000004,0.2490234375,0.279296875,0.250390625,0.2640625,0.27070312500000004,0.27714843749999996,0.265234375,0.26328125,0.2779296875,0.26679687500000004,0.26875000000000004,0.2701171875,0.2611328125,0.2662109375,0.26289062500000004,0.269921875,0.2564453125,0.27421874999999996,0.23886718750000002,0.25664062499999996,0.25507812500000004,0.284765625,0.276953125,0.27460937500000004,0.2669921875,0.2669921875,0.29082031249999996,0.27617187499999996,0.2734375,0.262109375,0.2759765625,0.2796875,0.26386718750000004,0.26152343749999996,0.263671875,0.25625,0.2669921875,0.27910156249999996,0.26796875,0.2583984375,0.250390625,0.27421874999999996,0.2662109375,0.2626953125,0.26738281249999996,0.280859375,0.2724609375,0.27226562499999996,0.27519531249999996,0.2640625,0.2685546875,0.27578125,0.27128906249999996,0.2671875,0.2724609375,0.2626953125,0.280859375,0.2681640625,0.26640624999999996,0.2767578125,0.275,0.27578125,0.26875000000000004,0.2806640625,0.27324218749999996,0.2689453125,0.276953125,0.2685546875,0.28339843750000004,0.27753906250000004,0.2759765625,0.265234375,0.26249999999999996,0.259375,0.2724609375,0.2630859375,0.26679687500000004,0.27734375,0.2607421875,0.2568359375,0.275,0.26347656249999996,0.2642578125,0.27070312500000004,0.2685546875,0.24980468749999996,0.262109375,0.2796875,0.2642578125,0.2533203125,0.25625,0.2701171875,0.25371093749999996,0.257421875,0.26777343750000004,0.26249999999999996,0.25234375,0.24824218750000004,0.2544921875,0.2509765625,0.23867187499999998,0.25175781249999996,0.25117187500000004,0.24941406249999998,0.250390625,0.25664062499999996,0.26386718750000004,0.2587890625,0.2513671875,0.26152343749999996,0.27324218749999996,0.26542968749999996,0.26054687499999996,0.251953125,0.25859374999999996,0.2548828125,0.2701171875,0.2626953125,0.27460937500000004,0.28437500000000004,0.26796875,0.26347656249999996,0.2826171875,0.25957031249999996,0.255859375,0.259765625,0.263671875,0.2591796875,0.26445312499999996,0.26015625,0.2685546875,0.25996093750000004,0.25410156250000004,0.24687499999999996,0.2662109375,0.259375,0.24980468749999996,0.2548828125,0.25546875,0.25546875,0.25546875,0.25761718749999996,0.26191406250000004,0.2572265625,0.26835937499999996,0.27324218749999996,0.25703125000000004,0.27265625000000004,0.26777343750000004,0.24980468749999996,0.2818359375,0.273046875,0.266015625,0.27031249999999996,0.25664062499999996,0.26933593749999996,0.27949218750000004,0.26484375000000004,0.276953125,0.2806640625,0.28046875000000004,0.25664062499999996,0.2685546875,0.27324218749999996,0.2763671875,0.27421874999999996,0.2767578125
