,0,1,2,3,4,5,6,7,8,9,10,11,12,13,14,15,16,17,18,19,20,21,22,23,24,25,26,27,28,29,30,31,32,33,34,35,36,37,38,39,40,41,42,43,44,45,46,47,48,49,50,51,52,53,54,55,56,57,58,59,60,61,62,63,64,65,66,67,68,69,70,71,72,73,74,75,76,77,78,79,80,81,82,83,84,85,86,87,88,89,90,91,92,93,94,95,96,97,98,99,100,101,102,103,104,105,106,107,108,109,110,111,112,113,114,115,116,117,118,119,120,121,122,123,124,125,126,127,128,129,130,131,132,133,134,135,136,137,138,139,140,141,142,143,144,145,146,147,148,149,150,151,152,153,154,155,156,157,158,159,160,161,162,163,164,165,166,167,168,169,170,171,172,173,174,175,176,177,178,179,180,181,182,183,184,185,186,187,188,189,190,191,192,193,194,195,196,197,198,199,200,201,202,203,204,205,206,207,208,209,210,211,212,213,214,215,216,217,218,219,220,221,222,223,224,225,226,227,228,229,230,231,232,233,234,235,236,237,238,239,240,241,242,243,244,245,246,247,248,249,250,251,252,253,254,255,256,257,258,259,260,261,262,263,264,265,266,267,268,269,270,271,272,273,274,275,276,277,278,279,280,281,282,283,284,285,286,287,288,289,290,291,292,293,294,295,296,297,298,299,300,301,302,303,304,305,306,307,308,309,310,311,312,313,314,315,316,317,318,319,320,321,322,323,324,325,326,327,328,329,330,331,332,333,334,335,336,337,338,339,340,341,342,343,344,345,346,347,348,349,350,351,352,353,354,355,356,357,358,359,360,361,362,363,364,365,366,367,368,369,370,371,372,373,374,375,376,377,378,379,380,381,382,383,384,385,386,387,388,389,390,391,392,393,394,395,396,397,398,399,400,401,402,403,404,405,406,407,408,409,410,411,412,413,414,415,416,417,418,419,420,421,422,423,424,425,426,427,428,429,430,431,432,433,434,435,436,437,438,439,440,441,442,443,444,445,446,447,448,449,450,451,452,453,454,455,456,457,458,459,460,461,462,463,464,465,466,467,468,469,470,471,472,473,474,475,476,477,478,479,480,481,482,483,484,485,486,487,488,489,490,491,492,493,494,495,496,497,498,499,500,501,502,503,504,505,506,507,508,509,510,511,512,513,514,515,516,517,518,519,520,521,522,523,524,525,526,527,528,529,530,531,532,533,534,535,536,537,538,539,540,541,542,543,544,545,546,547,548,549,550,551,552,553,554,555,556,557,558,559,560,561,562,563,564,565,566,567,568,569,570,571,572,573,574,575,576,577,578,579,580,581,582,583,584,585,586,587,588,589,590,591,592,593,594,595,596,597,598,599,600
Time,0.0,1.0,2.0,3.0,4.0,5.0,6.0,7.0,8.0,9.0,10.0,11.0,12.0,13.0,14.0,15.0,16.0,17.0,18.0,19.0,20.0,21.0,22.0,23.0,24.0,25.0,26.0,27.0,28.0,29.0,30.0,31.0,32.0,33.0,34.0,35.0,36.0,37.0,38.0,39.0,40.0,41.0,42.0,43.0,44.0,45.0,46.0,47.0,48.0,49.0,50.0,51.0,52.0,53.0,54.0,55.0,56.0,57.0,58.0,59.0,60.0,61.0,62.0,63.0,64.0,65.0,66.0,67.0,68.0,69.0,70.0,71.0,72.0,73.0,74.0,75.0,76.0,77.0,78.0,79.0,80.0,81.0,82.0,83.0,84.0,85.0,86.0,87.0,88.0,89.0,90.0,91.0,92.0,93.0,94.0,95.0,96.0,97.0,98.0,99.0,100.0,101.0,102.0,103.0,104.0,105.0,106.0,107.0,108.0,109.0,110.0,111.0,112.0,113.0,114.0,115.0,116.0,117.0,118.0,119.0,120.0,121.0,122.0,123.0,124.0,125.0,126.0,127.0,128.0,129.0,130.0,131.0,132.0,133.0,134.0,135.0,136.0,137.0,138.0,139.0,140.0,141.0,142.0,143.0,144.0,145.0,146.0,147.0,148.0,149.0,150.0,151.0,152.0,153.0,154.0,155.0,156.0,157.0,158.0,159.0,160.0,161.0,162.0,163.0,164.0,165.0,166.0,167.0,168.0,169.0,170.0,171.0,172.0,173.0,174.0,175.0,176.0,177.0,178.0,179.0,180.0,181.0,182.0,183.0,184.0,185.0,186.0,187.0,188.0,189.0,190.0,191.0,192.0,193.0,194.0,195.0,196.0,197.0,198.0,199.0,200.0,201.0,202.0,203.0,204.0,205.0,206.0,207.0,208.0,209.0,210.0,211.0,212.0,213.0,214.0,215.0,216.0,217.0,218.0,219.0,220.0,221.0,222.0,223.0,224.0,225.0,226.0,227.0,228.0,229.0,230.0,231.0,232.0,233.0,234.0,235.0,236.0,237.0,238.0,239.0,240.0,241.0,242.0,243.0,244.0,245.0,246.0,247.0,248.0,249.0,250.0,251.0,252.0,253.0,254.0,255.0,256.0,257.0,258.0,259.0,260.0,261.0,262.0,263.0,264.0,265.0,266.0,267.0,268.0,269.0,270.0,271.0,272.0,273.0,274.0,275.0,276.0,277.0,278.0,279.0,280.0,281.0,282.0,283.0,284.0,285.0,286.0,287.0,288.0,289.0,290.0,291.0,292.0,293.0,294.0,295.0,296.0,297.0,298.0,299.0,300.0,301.0,302.0,303.0,304.0,305.0,306.0,307.0,308.0,309.0,310.0,311.0,312.0,313.0,314.0,315.0,316.0,317.0,318.0,319.0,320.0,321.0,322.0,323.0,324.0,325.0,326.0,327.0,328.0,329.0,330.0,331.0,332.0,333.0,334.0,335.0,336.0,337.0,338.0,339.0,340.0,341.0,342.0,343.0,344.0,345.0,346.0,347.0,348.0,349.0,350.0,351.0,352.0,353.0,354.0,355.0,356.0,357.0,358.0,359.0,360.0,361.0,362.0,363.0,364.0,365.0,366.0,367.0,368.0,369.0,370.0,371.0,372.0,373.0,374.0,375.0,376.0,377.0,378.0,379.0,380.0,381.0,382.0,383.0,384.0,385.0,386.0,387.0,388.0,389.0,390.0,391.0,392.0,393.0,394.0,395.0,396.0,397.0,398.0,399.0,400.0,401.0,402.0,403.0,404.0,405.0,406.0,407.0,408.0,409.0,410.0,411.0,412.0,413.0,414.0,415.0,416.0,417.0,418.0,419.0,420.0,421.0,422.0,423.0,424.0,425.0,426.0,427.0,428.0,429.0,430.0,431.0,432.0,433.0,434.0,435.0,436.0,437.0,438.0,439.0,440.0,441.0,442.0,443.0,444.0,445.0,446.0,447.0,448.0,449.0,450.0,451.0,452.0,453.0,454.0,455.0,456.0,457.0,458.0,459.0,460.0,461.0,462.0,463.0,464.0,465.0,466.0,467.0,468.0,469.0,470.0,471.0,472.0,473.0,474.0,475.0,476.0,477.0,478.0,479.0,480.0,481.0,482.0,483.0,484.0,485.0,486.0,487.0,488.0,489.0,490.0,491.0,492.0,493.0,494.0,495.0,496.0,497.0,498.0,499.0,500.0,501.0,502.0,503.0,504.0,505.0,506.0,507.0,508.0,509.0,510.0,511.0,512.0,513.0,514.0,515.0,516.0,517.0,518.0,519.0,520.0,521.0,522.0,523.0,524.0,525.0,526.0,527.0,528.0,529.0,530.0,531.0,532.0,533.0,534.0,535.0,536.0,537.0,538.0,539.0,540.0,541.0,542.0,543.0,544.0,545.0,546.0,547.0,548.0,549.0,550.0,551.0,552.0,553.0,554.0,555.0,556.0,557.0,558.0,559.0,560.0,561.0,562.0,563.0,564.0,565.0,566.0,567.0,568.0,569.0,570.0,571.0,572.0,573.0,574.0,575.0,576.0,577.0,578.0,579.0,580.0,581.0,582.0,583.0,584.0,585.0,586.0,587.0,588.0,589.0,590.0,591.0,592.0,593.0,594.0,595.0,596.0,597.0,598.0,599.0,600.0
eig1,1.0123427190424796,0.9790907546369494,0.9301021475875242,0.9408210566051293,0.9232393675745223,0.9241845654486085,0.948974748823093,0.9924655383101965,0.9676847398453032,0.9785169989885351,0.9669994440965001,0.9548506065483312,0.9567490377559892,0.9782919604193355,0.9639037576639027,0.959592455122246,0.9844718293256031,0.9611661211716435,0.9662072087547958,0.9533938287289286,0.9766128055859448,0.9787673988796822,0.9770722052891991,0.9615033179254777,0.9562496645528916,0.960554391087116,0.9671264478606026,0.9602984057158107,0.9487323400856716,0.9484040499549544,0.9614196285516293,0.9550828666133381,0.9583642963188167,0.9417146595209194,0.9666420934353327,0.9595011560661726,0.9844824881867497,0.9671165943714586,0.9408277459544176,0.9486282696565742,0.9514822907111854,0.9532293758216115,0.9524920124285697,0.9480337620563701,0.9459680769637511,0.9545533415702833,0.9512317750448367,0.9646292586560083,0.9954350005126619,1.0226953134231938,1.0346506038726473,1.0256209117060138,1.0507953960939662,1.0393224575264226,1.042242751111736,1.0346452425770705,1.0347293970013904,1.0396025730682028,1.036918096163203,1.032317542047839,1.0416721890752487,1.0499891323134902,1.039851267772007,1.0314071727510243,1.0107128015113414,0.9825868056137607,0.9878950707586516,0.981596599851203,0.9866605076007559,0.9841373948303546,0.9979730889052174,0.9992837479616868,0.9874208991126251,0.9887966324902429,0.987397621220151,0.9707645698835821,0.9601375379689822,0.9598297746527136,0.9673569594402666,0.9686258969862601,0.9631602448195075,0.9668368181808422,0.964561260197865,0.9706329646373428,0.9658889728994267,0.9653603328941476,0.9818715536957884,0.9783419753997163,0.9907377251581087,0.9884803195437347,0.9903727166513837,0.9929165367091285,0.986001819655373,0.9863548850309831,0.9827917867229448,0.9897849866920233,0.9902622944286226,0.9764216678747073,0.9649228824098361,0.9594837593174386,0.9628536850665917,0.9593842152432702,0.9479532351713684,0.9563728730878898,0.9482351649252446,0.9544729574835493,0.9518883792811283,0.9509050001653369,0.9562919087199951,0.9696859825493562,0.9524705817825764,0.9580009124233932,0.9536283419958472,0.9362487861879489,0.9357572929741491,0.9407981612432775,0.9379135852373481,0.9310244098715897,0.9347689625173452,0.9338553550953828,0.9472592558110299,0.9382385230546662,0.9460679071646996,0.9433303397674133,0.9458481387803053,0.9414786179838873,0.9426729735609243,0.9448607030689606,0.9424727412584981,0.9417388274741062,0.943677658294512,0.9332447226425443,0.9491695672311542,0.9444648384618036,0.9454615579675116,0.9427820701293806,0.9504500030848554,0.9431816543539073,0.945969511396872,0.9533797979480222,0.950887903594075,0.9638463128350921,0.9627926494788778,0.9624154228315933,0.9541476136960161,0.9583173095129913,0.9561034410271108,0.9686479089048493,0.9664683395042131,0.9739262467226958,0.970933230691053,0.963196063237097,0.9681996600741976,0.9602241749147569,0.9584502827361715,0.9710382251462676,0.9713228931200883,0.9731074751627673,0.9768712316215138,0.9713222442494651,0.9723211880830498,0.9737954822056377,0.981651060563934,0.9811525685751338,0.9867120441960645,0.9779769243511623,0.9900764597716942,0.9860233835638386,0.9823455695654053,0.9835430877113066,0.9849785609599677,0.9829981030508278,0.9901281821030751,0.9938253004711948,0.9984025341091679,0.9962538491628635,0.9993584069695662,0.9951288850907761,0.9934499116987459,0.9926686494331882,0.9906889061565998,0.9909750349406166,0.9955734917423853,0.9888015638860965,1.0000281747841284,1.0028857561303879,0.9988685613657303,1.0063043590968037,1.0115177973411942,1.004275097735497,1.000394428860898,1.0077645719042336,1.0076812599403775,1.010429098046356,1.005999665257715,1.018890716651472,1.0205330333849383,1.0158319492023986,1.0115589221960757,1.0159534441476687,1.014783399880218,1.0215506387839806,1.021443931741222,1.0225822397826443,1.0263608727659788,1.026629541431379,1.0340418645618563,1.0329772580901508,1.0322732457080834,1.0293637962431454,1.0340382663963161,1.0400761736880013,1.0419377827413778,1.0404704063024701,1.0422647516699497,1.0427204511023898,1.042636631611004,1.0480370329788486,1.0456242736494041,1.0442828862263536,1.0479332305828941,1.054559664971489,1.0555615822305788,1.0608427481203093,1.0580482202964483,1.0643324602757054,1.0588547103945367,1.0664516362935543,1.0662194388458486,1.063908596584912,1.057013056079796,1.0651905154443215,1.0641908861220193,1.0602717382152527,1.061337510767141,1.0630994551782662,1.060106154752629,1.0483800262205594,1.0540262628346841,1.060410063173773,1.0583575513535315,1.0620930009049745,1.0698787131997296,1.0675901052321262,1.0656558430521348,1.059894548648872,1.0613959314794787,1.0609536896359162,1.0625006048305927,1.0669913378865152,1.0626414128278896,1.0584634289520822,1.0668047942353875,1.0671949734838044,1.067682582737668,1.071638755066677,1.0675391599831563,1.0726367991428658,1.072364227789739,1.0653164264408146,1.0682105950385248,1.0621735653474915,1.060348715827869,1.0594634854967995,1.0569903718630014,1.0589728047712117,1.0676232187197852,1.0589869548205872,1.0634042806741024,1.0642139073450754,1.0673917736681737,1.070250914078911,1.0724570212632307,1.0751744148112554,1.0762045805089175,1.0675125020499552,1.0678148444243387,1.0670074780222645,1.0702740411732956,1.0692668285356313,1.0674305438279472,1.07579187120191,1.062002024513365,1.0633546341004283,1.07251788995696,1.0760155219189473,1.0804497773856905,1.0750803011299612,1.0703997551489153,1.0758446652732305,1.0704055632136895,1.075196914066568,1.0769437680871075,1.0686760170414447,1.0726360973879405,1.0811829504219532,1.0824149887801435,1.0843730746562144,1.0897501586723515,1.085009096070493,1.0826964235759446,1.0870623600361566,1.089973514840734,1.0779847063997725,1.0788597552124857,1.0782919354507532,1.0775360599295345,1.096567094833294,1.0949449460802116,1.0982297980634017,1.1017698083166714,1.0976219357372783,1.0980058223067493,1.100706886915272,1.0991566873886605,1.103466111943722,1.1080824147079602,1.1066014466466094,1.108224207540601,1.1017953803377554,1.1053707469779126,1.1039585273939136,1.1084921757664998,1.1024874800779858,1.1052146248645816,1.101935454754775,1.1042052883021487,1.098079149699037,1.0976949776154068,1.099930737743387,1.105521683550769,1.111569584311972,1.1169372680102987,1.110730006100417,1.1071436514365167,1.1071289601541885,1.1107904637231114,1.1171134332976234,1.1172417550314597,1.1139325302786958,1.1119155842087562,1.1052216023707173,1.1147614522333584,1.1197639163726036,1.1156937899412536,1.1189319933715964,1.114661345919344,1.1205735848496752,1.1220850592003393,1.1278084653523575,1.1213873410969033,1.1187263987995384,1.1313432809463344,1.1335735602602532,1.1349511278684983,1.1314569143349718,1.1318259131731727,1.1282023392593148,1.121371012952242,1.123901572194722,1.1257646712260998,1.129945641084,1.12118083755342,1.1374369037201342,1.1449291056831714,1.1432028229281428,1.1373010866925153,1.1316711857629111,1.140087357757016,1.144713026441668,1.141913287282471,1.1445914295476851,1.1441327411777071,1.1430281918131997,1.1379802020825474,1.1404073112754682,1.137106617480871,1.1460205855547678,1.1464544533493282,1.145778218427307,1.1324843625556442,1.1412050475869255,1.1438014438352768,1.146228246591197,1.1388735670149015,1.1393560753124956,1.1422925448709969,1.137226536048494,1.1341314964093976,1.1312095584779993,1.131401527441081,1.1398339766200585,1.135565689852946,1.1350661802042998,1.1352346228959889,1.1337940437085405,1.13748112720532,1.139731135897952,1.1407987702476488,1.1394516470296563,1.147190501491391,1.1437141534095947,1.1417510532774071,1.1401004726358812,1.1399974939054494,1.1325940431331092,1.1310749787537568,1.1359602431149103,1.1319003472569362,1.1302163141461994,1.1262546292337647,1.129761131286016,1.1193209886988968,1.1262196169774001,1.1235531238428862,1.1316541979008439,1.1289105305991156,1.1297354342940922,1.127399423736103,1.1359460957377057,1.1319392375669122,1.1295812378799834,1.126880713913561,1.1346386337901344,1.1298264017855992,1.132258766375303,1.1320603231651662,1.1378484653755971,1.1384394995258174,1.1460998318282747,1.1485910915498752,1.1514553876501035,1.14595458313714,1.1574328328751067,1.1495427266933556,1.1460104889069378,1.1454992418096897,1.1483533919896654,1.1432969268200046,1.1365244219071287,1.1373492370106877,1.1317590364273802,1.1386141122763154,1.1393548326476641,1.1409523547974036,1.136462158222141,1.1383080041107587,1.136924390247402,1.1413746551130861,1.1451984002866584,1.1423016656695235,1.1347849209352112,1.1362616991088788,1.1416743309680575,1.135363208224985,1.1352710849986298,1.1292317678200625,1.1330730129233761,1.1396116679127106,1.1420376850439078,1.1403511697619269,1.1416797632601017,1.143198363554016,1.1425280725969047,1.136043085094237,1.1418576708879513,1.1393754738417285,1.1315175693490787,1.1435723300681377,1.1382546385913428,1.1446625486658304,1.1382367248045435,1.1389984341306933,1.1404159094411852,1.1435666527323454,1.1460881083612413,1.1471639999079286,1.148972124884872,1.1479445046394332,1.1457427864321827,1.1436938757612578,1.1405379691143964,1.1444983875022219,1.1426205727922802,1.1433875799473678,1.1442236762975597,1.1439657481608345,1.1427427961707608,1.1432902979980593,1.1437972725626762,1.147943367823176,1.1495784137216567,1.146741302191033,1.1463236000416386,1.1476580086101809,1.1461108353010034,1.1424010254080121,1.1508645755557738,1.1469142515980109,1.1423470829335403,1.1441227575843402,1.1440525856612695,1.142317890173204,1.1482826099444494,1.1477586453330932,1.1464833014642337,1.1477983353283574,1.1452178701586484,1.1465071109641676,1.152792696516626,1.1451368589064188,1.1493337028368122,1.153224196968855,1.1528818919397872,1.1534460068960755,1.1586328446530723,1.1549634690015034,1.1598684983424143,1.1539445491543592,1.1496178698169928,1.1497397219425791,1.1500180269343143,1.1545966134233685,1.1586307788776384,1.159753385050518,1.1580437308027594,1.1566382282145826,1.1610889718845079,1.1601142848919441,1.153132786716795,1.1525121695226896,1.1502955917878617,1.1576092773199138,1.1489516395097206,1.1524868012187561,1.1589105041165044,1.1598757925536878,1.1590912720038264,1.1634191718501763,1.1654173987066727,1.1659525647044486,1.1603429765412465,1.1642167408415947,1.165088529884956,1.1629434471042848,1.165357973052633,1.1648425634853896,1.1663202524368488,1.166804031854687,1.1657096274227832,1.1644782553887802,1.1580171712953782,1.1627528638042262,1.1629153867966426,1.1634990522903104,1.169683627732162,1.1710644111330524,1.1660956904403086,1.167698076363191,1.1658850570735895,1.166276431013639,1.1624714689464148,1.1649924808151488,1.162175255233318,1.1612069251123902,1.1667103457460914,1.169757035998702,1.1678722417693885,1.1676224639473871,1.1665385354116307,1.1628346525439521,1.1661280092461495,1.1694519407573167,1.1692238602081992,1.1694802176402774,1.171148658743864,1.170573915591466,1.172622267908932,1.1715218264180203,1.171289096935432,1.1736003518768903,1.171041431095301,1.1692996224247887,1.168728536476914,1.166052276883726,1.17441153973359,1.1716365984150805,1.174403006400055,1.172068648921118,1.1674941547261282,1.1643930539235137,1.169666151217184,1.1679657113758715,1.166983676013439,1.1748323786553327,1.1715375690684382,1.173656777453839,1.1784129915260562,1.1773457381547003,1.1766954512059697,1.1741878209745644
eig2,0.9496930760221095,0.9173555556268249,0.9115567039739242,0.8690652243866197,0.881407090269334,0.8968019050678837,0.8709857464948997,0.888641617844759,0.925453040793325,0.9045805712842035,0.8923049632163103,0.8825305169079337,0.8577617353124178,0.8572583866879817,0.8939427140591151,0.9021800739049454,0.8871171753563517,0.9156977359179321,0.896151647474909,0.8951030172940414,0.9203374790065372,0.916422233471537,0.9022401114346349,0.9064480565528878,0.8951902243546654,0.8825605741714786,0.8956650975237987,0.8910066522689363,0.8664084668374854,0.8468648562784006,0.8449699824671223,0.8188266369897529,0.8089972605267155,0.8139047335472335,0.8064304600199237,0.7827044660321834,0.7840365368916972,0.7884071195919462,0.7814616294350037,0.7702710071291052,0.7639592229739297,0.7810101576451081,0.7793802036016308,0.7890983521940976,0.7750088705106523,0.778140136269778,0.768333139242735,0.7607552572408277,0.7569691229183652,0.7543543917408082,0.7465990352220891,0.7663040243048836,0.7745848278902655,0.7720001372085004,0.7735432146580695,0.7733902090350363,0.7671631403091164,0.775074070438318,0.7733530877419442,0.7699920021262244,0.7845289686613183,0.7958669022730669,0.8041193521400235,0.7929640698581593,0.8143776091841375,0.8134529390071307,0.8037004901243444,0.8088348706759775,0.8099661611642522,0.7927501067073865,0.7888349187748588,0.7923456607013513,0.7850886848561358,0.7831261643329773,0.7788033087311494,0.7670038882711531,0.753214756605714,0.7673102883511053,0.7696371936439049,0.775666861719842,0.7781063420411273,0.7695443572433744,0.7650005814647265,0.7691561651871514,0.7695212620292224,0.7543415757063157,0.755146952269622,0.7575739823664217,0.7633276240739769,0.7778393304710169,0.7855736650825115,0.7814882372140185,0.7878996017646744,0.7940560317884083,0.7747810060278033,0.7781943563825893,0.7662190003362266,0.774924095858364,0.7778381765106132,0.7925897665643155,0.8030510723294171,0.8086364796049511,0.8153973075561037,0.8137632616478706,0.8121571026864804,0.8154805983868868,0.824275645276633,0.8228649385317943,0.8228210881598738,0.8158423590638064,0.8266469236554783,0.835136024084022,0.846941883252399,0.8591478439142318,0.8599502323182915,0.8503159223526024,0.8634934265985785,0.860350617325228,0.875830925727577,0.8845972078261396,0.8794708631723296,0.882844112054061,0.8809386666481591,0.8902860871531171,0.8827482851457968,0.8766335891913629,0.8786530686023298,0.8906449783067428,0.902633405416754,0.891075157228788,0.8858213509133926,0.891392382292921,0.8983616478253522,0.8982369101965612,0.8977776780471347,0.9047647668570213,0.8993433795382426,0.9095650055036657,0.9099275387700958,0.906163633557692,0.9165411668874197,0.9034290821893128,0.9121535668389653,0.9127099540715587,0.9108755970373079,0.9189282296915672,0.9205073694090682,0.9183647716762405,0.9165024788454479,0.9090315944646804,0.910276409748745,0.9338981935137528,0.9246286291064596,0.934345163397722,0.9301074288660385,0.9199231184253774,0.9242326437851736,0.9159416904031804,0.9204310181359366,0.9299640475395577,0.9323144197477716,0.9476749132409111,0.9409500444803847,0.9480567004383598,0.9426670576499897,0.9520352055923221,0.9417046855864764,0.9544775442289292,0.9545758094664937,0.9616647340374792,0.9669383600772208,0.9693523209853453,0.9631213572068249,0.9630340711602156,0.9584716499981315,0.9644621643820234,0.9698372652625119,0.968980288113556,0.9688559530970899,0.9778438654750405,0.9780707850537687,0.9732531012388013,0.9786216160859647,0.9817744135694058,0.9718385374680111,0.9741418848595871,0.9777401804660893,0.976594944271584,0.9794112543629027,0.9725750552721575,0.9859975897397673,0.9806974331180355,0.9769837201996349,0.9825961827679027,0.9750856563973005,0.9688034642593188,0.9681734201889509,0.9771484159486057,0.9720298607089679,0.9785016662876841,0.9733233147796826,0.9748018214594205,0.9875533258914881,0.9907647575448543,0.9766419818372835,0.9754314197594557,0.9807508127674983,0.9829341744851015,0.9821358193913002,0.9830063159183186,0.9793376349680861,0.9885007514316662,0.9898726362612567,0.9862277707194925,0.9860807176774471,0.9833459532301982,0.9840989570995293,0.9878295732250992,0.9854151616154532,0.9965758797202106,0.9880576093517933,0.9906782618559196,0.9926639742144067,1.0004814110431928,0.9983499438230415,0.9920103646060642,1.006077817502151,0.9979852540188457,1.0004358354110414,1.0028097891942278,1.0114857943134028,1.0059906652400903,1.0090521480188526,1.0092477571875422,1.0137513494066335,1.0115371458488989,1.0098813840957293,1.010898666694371,1.0111510729059123,1.0086077578120145,1.010610481519571,1.0166525185926214,1.0069159355793442,1.0087622733301504,1.0176662583429814,1.0227680361243383,1.0187132781047137,1.0284140355462892,1.0290255655883505,1.0266900830493155,1.0287733730463209,1.0315246139952343,1.0328509777250134,1.0330751932419655,1.0357025721497308,1.031258057836126,1.0376841375193517,1.036563847735873,1.0307308144754732,1.0408816681663564,1.0412424937304887,1.0482738878505986,1.0472846005066394,1.0505030752157125,1.0465674846474697,1.0449588662897218,1.04315629792693,1.0499119339097067,1.0551700088142086,1.0491521608210117,1.0491232135564377,1.0505811409195638,1.0515993834312187,1.051314936989285,1.0470428096234106,1.0461782031567028,1.0471836412359286,1.0581956359176001,1.0449343433109222,1.0540920604063129,1.0515352371862896,1.0485803758586414,1.0535242429001916,1.061180590433569,1.0482829314587379,1.0470581631153182,1.0470413471304671,1.0554399378652473,1.0628493129440593,1.0527742730060377,1.0621282490803607,1.0553756092204603,1.0555269416730046,1.062926780374962,1.062200978237092,1.0635320668075443,1.0622533666449028,1.0633466027342044,1.0647797572404563,1.0664257498129301,1.071497807069634,1.0697201035659927,1.0684560371181968,1.0735116047864932,1.0703447609128656,1.0716279461536233,1.0702853254216393,1.0634608076007683,1.0664799309551485,1.0709283020266163,1.06737242657041,1.0782824764619245,1.0786531559136914,1.0780538522791974,1.075066454289692,1.0756269924390185,1.069033965161925,1.0706978725762821,1.0706405340275533,1.073734021213413,1.0715949277549648,1.079541749309144,1.0806953151220258,1.0793792158341289,1.0739314760280898,1.0778424588096969,1.082291226184895,1.0830931844343321,1.0858846133068525,1.0823909214878604,1.0815993713429737,1.0778430798337704,1.0750970538882478,1.0714856688998502,1.072065751067129,1.069557576755118,1.0746511880178016,1.0687213092446668,1.0717789936386446,1.0803350267351486,1.087921174094822,1.0856681512798174,1.0691933221410757,1.0714002980831923,1.082038727206948,1.080739453682334,1.086873643206992,1.0770571934239328,1.0807879587264064,1.0766832309735972,1.0776117120776025,1.0813082212306713,1.0762992779107083,1.0739951310503144,1.078945211380415,1.0800220784604944,1.080159339669087,1.0756116692315918,1.0777715635834713,1.0884304513479777,1.0893288908123766,1.0884446169170447,1.0944674697724228,1.0889333024803638,1.082774355876644,1.0772313912576321,1.0875512666500493,1.0874374546729135,1.080395394204352,1.0817864367684273,1.08319538560331,1.0800367770123933,1.0843289143893087,1.085545739776733,1.0851973328293845,1.086194076009444,1.0898383042056825,1.0784741411533383,1.0849471766386176,1.0826260989082581,1.0861385338629899,1.0856144756749773,1.0853771845918072,1.0865389412516706,1.0937943638159064,1.0902668110451121,1.0854875828493524,1.0891531562240147,1.0885083120239327,1.087853527762164,1.0898418531421323,1.0887052989821389,1.0962168591485455,1.095080067236812,1.0953566706529632,1.0966202972809083,1.0914842899440156,1.0932566433800577,1.0989399676282716,1.0965083975728966,1.092329463665866,1.0946360128402572,1.0975583377553104,1.0981938813311474,1.095446801843228,1.1030984097762433,1.1046299883473152,1.1087651082081469,1.1073943672915352,1.1050417109532535,1.1092462468816457,1.1073014862890376,1.1084708702015484,1.1083334832739553,1.1047962744190567,1.104361907306489,1.1052822156876225,1.1083123864199493,1.108149677641029,1.1088574831580769,1.1070465625300014,1.1055796793675023,1.111297869513916,1.1102641745315263,1.1138233908174056,1.1108123190057178,1.119252387640086,1.11327743296208,1.114264713698178,1.1121969768989397,1.1081272718238975,1.1157236322971549,1.1139895120009533,1.1108988367721038,1.110867267105074,1.112736037595098,1.1151939381899532,1.112737639752994,1.1122969017645414,1.1163510602606241,1.1147053087936096,1.1211599677359454,1.1179717559676208,1.1192776479224917,1.1165129324960847,1.1157177715655962,1.1201789154517146,1.12084471286844,1.1219758893315872,1.1118291884274674,1.1179059055283525,1.1238044612340483,1.1234363038665858,1.123734226850878,1.1199582545523137,1.1216179903295969,1.1243977007054031,1.1188172910529142,1.1161092888250976,1.115669435687735,1.123052577998052,1.1250717797542378,1.1234008372977502,1.1263752588354592,1.1298682146686907,1.1223583812242768,1.1226062304377318,1.1270034362260992,1.1212109821515577,1.1181643167519184,1.1170201462432798,1.119500866492192,1.1249742314375943,1.1270506492446706,1.1239263474384984,1.1234062262491233,1.1297235718284178,1.126875843397326,1.1233073198254848,1.125665818455879,1.1310752002276325,1.1324311495879762,1.1342095111972512,1.1362094408750574,1.138855806940784,1.1365261404863765,1.1385660910069564,1.1371799949526187,1.1412396713568682,1.1369492197541025,1.1315869606392874,1.1334092240834428,1.142379803707793,1.1400452409892181,1.1391698819015956,1.1314729071660292,1.1295336426249045,1.1280019646355004,1.1299501472266615,1.134682702370224,1.1313437907590407,1.1341473673718236,1.1381617130612025,1.1302069691555916,1.1323455869550585,1.1329068994713802,1.1343995481083988,1.140267799394581,1.1387804255614329,1.1361692518051227,1.1447481652624978,1.1401149891413551,1.1391567841004953,1.141202484668183,1.1407494072239273,1.1350547139614682,1.135743199529223,1.134820626225865,1.142202588374649,1.1454704875605033,1.146315600969966,1.1424405372923019,1.1369630404265347,1.139449651237194,1.1425723173618103,1.144601013410275,1.1377539586634549,1.1361374702122735,1.1343025489386165,1.1401997368561796,1.1401008552618281,1.1382719210218801,1.1349030246455896,1.1394459038242855,1.1406729902702852,1.1360028919123575,1.1347938646035542,1.1395319001863795,1.1388092639140606,1.1371667387211473,1.137797693808834,1.1466128784235845,1.1392097028274935,1.1397194748382375,1.1389455298127924,1.1383242176526072,1.1407704185945418,1.1394960097367757,1.1408300961943847,1.1417837617275872,1.1407892991934525,1.1451276313549026,1.1445749686532287,1.1420130374744275,1.1409162349774866,1.1418376266178178,1.1407744254764391,1.1438603650924126,1.1409507263022662,1.1478729789392037,1.1478112667703346,1.151057682654208,1.1435741966364852,1.1472962600661818,1.14534395887398,1.1439784155520893,1.1441332636895158,1.14554879894201,1.1466745131186917,1.1480761463483926,1.1509197258975417,1.1502708363628726,1.1464514445731775,1.1506471110665457,1.1497905269435529,1.148046642284068,1.145747948121743,1.1427567434327515,1.1433587194886023,1.1467392175366136,1.1436281287389096,1.1453113534072568,1.1489580929177914,1.1489894576338782,1.1523052053036598,1.1432601259692212,1.1447577570401024,1.1433647021479907,1.150103561294096,1.1530873948438485,1.1559850406328724,1.15548263273238,1.1551161858253924,1.1542156488168394,1.1479509069615135,1.1509743037718534,1.1480266649571207,1.143959448705909,1.1422013383085399,1.1473381529257314,1.1492048960766512
eig3,0.8455114223537581,0.8613993849938101,0.8050714129643289,0.8450014838201424,0.8116997393001227,0.8055460209955567,0.8157048872462024,0.7889016199318671,0.7885757465488116,0.8154741024066532,0.7778584397699169,0.7596040378190909,0.7529579715108816,0.7511952174970447,0.7542231928793646,0.7373046512163931,0.717481755819509,0.7174998011496176,0.7023599325509242,0.6970262746061759,0.667638702435928,0.6835337280375396,0.6902287037271265,0.6974858795378431,0.6829268146022459,0.6867915802122989,0.6899205751355024,0.7095025537026964,0.7380228859028802,0.7559987586811361,0.7432302253336884,0.7230880611422298,0.7152383779653201,0.7274963907615732,0.7118383026118035,0.7074751604346018,0.7040844101869144,0.7001205469334925,0.675320410411224,0.6746004613169087,0.6814581704094848,0.6987945093828962,0.6858656271976911,0.674989606561905,0.696946614908801,0.6934727784645794,0.6981763680973795,0.6914905749298716,0.6913137992873727,0.7004338453888302,0.6811067705081131,0.7040687499421384,0.6999211329637581,0.7014900175841283,0.6966565414973346,0.6858668445858529,0.6983138188841207,0.6928131561904652,0.7083936334200476,0.7264149131846533,0.7227941875038756,0.7145406730555043,0.7232198879301849,0.6998651139639134,0.7082578809764772,0.7031483113808792,0.7059627622327322,0.7141996674762163,0.7011754512163695,0.711380454689722,0.6984689999557001,0.6957470560801108,0.7057808936442,0.7157734443602723,0.7160301541271102,0.7296591530721146,0.7190987836053431,0.7127159207769354,0.6994059464578528,0.6985779427375975,0.7086212594598849,0.7067659708183971,0.7039454932203353,0.6882126007573327,0.6913593093115257,0.6835649880796585,0.6706793134550179,0.6584041829334347,0.6437185399921824,0.6393363886264912,0.6486719868687912,0.6586785602692277,0.6491349381262381,0.6596854388932126,0.6547914508206827,0.6685571333489607,0.6733661669854764,0.6723977157612855,0.6611097974970663,0.6478748791704639,0.6504686597745508,0.6517150758309381,0.6368028190456346,0.6498030327221254,0.6464255408155309,0.6379861706277512,0.634854033694289,0.6251115719580317,0.6083766425602094,0.6100762354383911,0.6117169214484136,0.6019333393556516,0.593429447429587,0.5854305575999045,0.5949502022819414,0.591116931498659,0.5945917531437617,0.5799145154215191,0.5715834794831182,0.5598744052368495,0.5618596965931771,0.5681631416235545,0.5657181860532224,0.5666354706222888,0.575155845725818,0.585948944671692,0.5791401546590433,0.5729464162865712,0.5730584152403654,0.5710036013990178,0.5749202670397013,0.5723351201434373,0.5654454635341384,0.5431940947599364,0.543855494931611,0.532861230286732,0.5464732018384475,0.5398045924741697,0.5411107167353891,0.5418682521757962,0.5393512762929754,0.5384701948757209,0.5204890676600934,0.5239389099665512,0.5256239141754113,0.5201319334779178,0.5092972709400744,0.5054581195632896,0.5197976158624058,0.514410789028449,0.5217536222120568,0.5278860283387525,0.5409643692281731,0.5411270206714313,0.5431986128565559,0.5300448614685671,0.5244283453828207,0.5278724690374176,0.5182618475912606,0.5180897463822931,0.5110907948381955,0.5091217369548902,0.5047527825586791,0.4912583660208004,0.477011550480122,0.48585762054367254,0.49296093677697833,0.4814819155219809,0.49647822710188183,0.4924368383493104,0.4812586928742331,0.4770824222998432,0.47233105690169924,0.46042403043299257,0.45518497277268066,0.4555876721566239,0.43989149266449873,0.45631324863886097,0.4645210307500291,0.44693992002215616,0.4483939855593076,0.4493043997302358,0.4354451509100242,0.43640849159670714,0.4282013695657943,0.4161410977340236,0.4153702125915192,0.4085480754773996,0.39814380354331913,0.4061209100945667,0.40664833559912655,0.4056147873892091,0.4025725584930285,0.39780977770863324,0.39580748666478577,0.40108424535057835,0.3957383919304648,0.3921470606443278,0.3808882369400811,0.39018904788406056,0.38577081090918725,0.36687897905650774,0.3501311183123441,0.3555151369771957,0.3615059088849145,0.3674074940078863,0.35205503775380825,0.3481638554542145,0.354508951274165,0.3615488191739292,0.36246803921748766,0.3535976654937552,0.35107250324906836,0.34853862572868344,0.35174618871482,0.3486411659818966,0.35531567773682404,0.34889132226408487,0.34595355924604093,0.342556188907134,0.34601922535029306,0.34304677781775594,0.33201364333883027,0.33068892287386414,0.33210314646743033,0.32982124792378614,0.3295284820274995,0.336970577070483,0.3304115928194702,0.3196993243668212,0.32163842735113785,0.3185279863232462,0.31307873050435026,0.31432036555794995,0.2974059183153033,0.3138234868627823,0.3153054198448098,0.31999361560449646,0.3327543369197342,0.3429390211172362,0.3271060123134893,0.3238041134865542,0.3064728985720549,0.3119048237614712,0.30857697905268033,0.3247946055009366,0.31238952107729706,0.3098608096798273,0.30951356161677906,0.30116885361991846,0.2952036273390059,0.2782008608656297,0.283196590627475,0.2763246297795523,0.2820680329570942,0.2904207239634093,0.28569707064937466,0.28090925483697937,0.28142661599736274,0.28334014952348807,0.2837370804553817,0.2853494787178991,0.304585053347299,0.29633586254982386,0.310946144544668,0.3118383700404934,0.3021407167229475,0.30403317919261774,0.2871251975112559,0.30825305941062187,0.29910200296241923,0.2971457767920502,0.28545275669978143,0.2917477752721812,0.27801532455373607,0.30530924924901476,0.29208033250175935,0.29542358978828726,0.29899123870504984,0.2967825483256367,0.30161152991479956,0.3113983060956732,0.31899009637017656,0.31654009238160385,0.3190717437525515,0.3151564996385651,0.3140412316283079,0.321453729163133,0.3181621075755091,0.31753968278974587,0.3087661775665645,0.3083847936447433,0.2920899548110267,0.285117168704263,0.28560034875894424,0.2907132544819565,0.2836222155163442,0.28794590953306737,0.2804665041936101,0.2881957775556483,0.2875674640083621,0.28960421075952375,0.28694984184804784,0.2863273501480455,0.2948751050327526,0.2831047308535969,0.28143478085969814,0.28160559106017236,0.2764039354976983,0.2741952194158526,0.27480486517375435,0.2722874070380544,0.2724536070867741,0.2779007769026116,0.2863310622005608,0.2873809621309052,0.29505995413453817,0.29781138267229895,0.2966584894443111,0.29661468712526845,0.3113487400503909,0.3192647626189237,0.31805373041907076,0.31350560957405244,0.2942199797020158,0.2969275037649624,0.2955267952179337,0.30951779271352897,0.3011503831521067,0.29995644531361754,0.28943285100587857,0.30482052012593963,0.3080310557187009,0.3193426100054686,0.31442876392439173,0.32415583880711707,0.3108299643388901,0.3184691415676449,0.30412711510434987,0.2977389444268983,0.30899129079721843,0.32728300199266164,0.34065469562024475,0.33685591456649044,0.3486411798838303,0.34890071337742296,0.3453526239396698,0.33317210906276096,0.3247733440610701,0.3417042117763865,0.34738087450713967,0.3535173013239814,0.3478266407939288,0.3530035683568652,0.3500372692606853,0.3547603927408354,0.3506517981956956,0.3537595214929123,0.3590682872309228,0.3448856345506936,0.34505850999890153,0.35008573578591845,0.3458888203256821,0.3387166486007602,0.33250087508886683,0.3425885711952992,0.33573901199710937,0.3441203265873911,0.34717930056255597,0.3334222030000405,0.34895512808115575,0.3535988614481912,0.3450166527921838,0.33806354623193136,0.33659511575387324,0.3375810575801521,0.3350140557357247,0.33092126093226126,0.3216900997195611,0.3440450562466472,0.34241886406561106,0.34586987345931364,0.33603002172318047,0.3433347839076508,0.33255206967619444,0.3362943282100108,0.3366701844431936,0.350455177135259,0.36812533161854033,0.3672759611712967,0.362066680555029,0.353846912312887,0.33930454942903476,0.35245200576668184,0.3506095817466853,0.35257822054395627,0.35765654702362515,0.3431821410518381,0.34276063837668275,0.35324950900833485,0.34882606600154575,0.34175847535714626,0.3452839650242417,0.34690617199728435,0.34065422937941875,0.3526654294060935,0.35488135098783546,0.3525670901172182,0.35853756466103925,0.3712914138923734,0.3628076647483246,0.36084162934437464,0.3644162679046207,0.36456133180049144,0.367254561922617,0.36650026118371803,0.3599526486539987,0.37109552351881636,0.374151481317374,0.36417400885535944,0.3773025818084094,0.39415914815409,0.3731329961961368,0.3542232926839179,0.35781123009596294,0.3705603350661822,0.3724626490312263,0.3690895924802001,0.3772699653471448,0.35607090936847496,0.35211021550560695,0.34858375800352404,0.3437659804110905,0.3498005628554135,0.3513032550703357,0.34555894676397103,0.34976315798085694,0.34177701166940233,0.3355257507265958,0.3336299013655237,0.3377057234007033,0.33524627557836817,0.3353030551073352,0.338417638073433,0.3358907017354192,0.3317951550185347,0.32919637495223075,0.3321587868640453,0.31548689822852355,0.32948718480546363,0.31207007209197235,0.3309005359073114,0.33084079906556196,0.3309180948809473,0.3557457301021184,0.33465811057774614,0.3401916795621207,0.3561664083724179,0.35092542744072797,0.34588246922555554,0.34369061281360047,0.34211601772471445,0.3410879678674916,0.3326121178010486,0.3247604955836037,0.33094652285889964,0.3254826003688912,0.3215645975287859,0.31284069553252125,0.3193069472009437,0.31039453030139136,0.3083991479373809,0.3087332725586324,0.3064891176972664,0.2962319773441381,0.2949361336584378,0.2945987627928322,0.284979395386528,0.2948002401440265,0.3003457709369507,0.29735471030910887,0.31105664707493164,0.3130329759909725,0.3293792231730834,0.3026435691945216,0.29461898303787254,0.29473137363595775,0.2919696161580696,0.2833447357161266,0.302254161207833,0.2970177838557575,0.296471589309163,0.28779181553289074,0.2817284988785193,0.2963554127187155,0.31167551166869945,0.3196742455936879,0.31330646463072254,0.3100646743651301,0.307136331707096,0.31119450911514224,0.29782370566846167,0.3034392017848124,0.30984047969242856,0.3032281847109989,0.30770462566609735,0.2978165544860567,0.2907962964098014,0.2737647355523942,0.2579010401473465,0.25259825217102433,0.2563241980785391,0.2577651430855583,0.25760813285280576,0.26341254360817407,0.2758113160735817,0.26287889982842566,0.26559859905033845,0.26024555564564433,0.2704794461166902,0.2560814389876101,0.2498697418891611,0.2475380975453914,0.23390913023411633,0.23318059004841613,0.23456482114706062,0.24073769909992732,0.24509903024903715,0.24822180990056905,0.25626287480890775,0.26229424942604457,0.2491466119384101,0.23071781396482174,0.24478415152038377,0.2302849094994386,0.2280077872276321,0.2232264900217639,0.2113670766916808,0.20940249196817945,0.20043625700415102,0.18430965030039947,0.19314620683893585,0.18502293492321956,0.17703471422232933,0.17920244002182423,0.18430501609187686,0.17956196736600194,0.17622557584494652,0.1796874349732629,0.18881501965848244,0.19061649819138105,0.17802842861295365,0.17404773178657704,0.16730994838052726,0.1664272049295901,0.1609597183048185,0.16454757730407757,0.16996581197180113,0.15987106644829482,0.15897526599336365,0.15838231866137176,0.16881859645837818,0.1816698227641183,0.1742050185390684,0.16899037734185302,0.17312417709786002,0.17914242678199835,0.16680795218847805,0.17219891720035305,0.1683527622094233,0.16378065691189397,0.1561602212863056,0.16359256081558207,0.15236783435071088,0.15874292328486095,0.15859099774073612,0.1543097341749862,0.15750348049896318,0.1523353954192468,0.13420139122767574,0.1468871799701204,0.143050071903898,0.12927138448775713,0.14249969262088863,0.13667930863611966,0.13266059942127112,0.13989557709022063,0.13239347426107356,0.137331915809433,0.13723163520335332,0.13936482337664086,0.13921252159359596,0.13616826696513867,0.11962353242073423,0.11978375326992885,0.11877348897156328,0.1156834002770129,0.11965025029734377,0.11946930263854894,0.12752578102490553,0.1262390034068325
